
power = 2006.34141801984
throughput = 16546.59
composite = 5761.78000655985
